11110000
00000000
00000000
00000000

10000000
10000000
10000000
10000000

11110000
00000000
00000000
00000000

01000000
01000000
01000000
01000000

10000000
11100000
00000000
00000000

01100000
01000000
01000000
00000000

00000000
11100000
00100000
00000000

01000000
01000000
11000000
00000000

00100000
11100000
00000000
00000000

01000000
01000000
01100000
00000000

00000000
11100000
10000000
00000000

01100000
00100000
00100000
00000000

11000000
01100000
00000000
00000000

00100000
01100000
01000000
00000000

00000000
11000000
01100000
00000000

01000000
11000000
10000000
00000000

01100000
11000000
00000000
00000000

01000000
01100000
00100000
00000000

00000000
01100000
11000000
00000000

10000000
11000000
01000000
00000000

01000000
11100000
00000000
00000000

01000000
01100000
01000000
00000000

00000000
11100000
01000000
00000000

01000000
11000000
01000000
00000000

11000000
11000000
00000000
00000000

11000000
11000000
00000000
00000000

11000000
11000000
00000000
00000000

11000000
11000000
00000000
00000000


