11110000
00000000
00000000
00000000
10000000
10000000
10000000
10000000
11110000
00000000
00000000
00000000
01000000
01000000
01000000
01000000
01111000
00000000
00000000
00000000
01000000
01000000
01000000
01000000
01111000
00000000
00000000
00000000
00100000
00100000
00100000
00100000
00111100
00000000
00000000
00000000
00100000
00100000
00100000
00100000
00111100
00000000
00000000
00000000
00010000
00010000
00010000
00010000
00011110
00000000
00000000
00000000
00010000
00010000
00010000
00010000
00011110
00000000
00000000
00000000
00001000
00001000
00001000
00001000
00001111
00000000
00000000
00000000
00001000
00001000
00001000
00001000
00001111
00000000
00000000
00000000
00000100
00000100
00000100
00000100
10000111
00000000
00000000
00000000
00000100
00000100
00000100
00000100
10000111
00000000
00000000
00000000
00000010
00000010
00000010
00000010
11000011
00000000
00000000
00000000
00000010
00000010
00000010
00000010
11000011
00000000
00000000
00000000
00000001
00000001
00000001
00000001
11100001
00000000
00000000
00000000
00000001
00000001
00000001
00000001
11100001
00000000
00000000
00000000
10000000
10000000
10000000
10000000
10000000
11100000
00000000
00000000
01100000
01000000
01000000
00000000
00000000
11100000
00100000
00000000
01000000
01000000
11000000
00000000
01000000
01110000
00000000
00000000
00110000
00100000
00100000
00000000
00000000
01110000
00010000
00000000
00100000
00100000
01100000
00000000
00100000
00111000
00000000
00000000
00011000
00010000
00010000
00000000
00000000
00111000
00001000
00000000
00010000
00010000
00110000
00000000
00010000
00011100
00000000
00000000
00001100
00001000
00001000
00000000
00000000
00011100
00000100
00000000
00001000
00001000
00011000
00000000
00001000
00001110
00000000
00000000
00000110
00000100
00000100
00000000
00000000
00001110
00000010
00000000
00000100
00000100
00001100
00000000
00000100
00000111
00000000
00000000
00000011
00000010
00000010
00000000
00000000
00000111
00000001
00000000
00000010
00000010
00000110
00000000
00000010
10000011
00000000
00000000
10000001
00000001
00000001
00000000
00000000
10000011
10000000
00000000
00000001
00000001
00000011
00000000
00000001
11000001
00000000
00000000
11000000
10000000
10000000
00000000
00000000
11000001
01000000
00000000
10000000
10000000
10000001
00000000
00100000
11100000
00000000
00000000
01000000
01000000
01100000
00000000
00000000
11100000
10000000
00000000
01100000
00100000
00100000
00000000
00010000
01110000
00000000
00000000
00100000
00100000
00110000
00000000
00000000
01110000
01000000
00000000
00110000
00010000
00010000
00000000
00001000
00111000
00000000
00000000
00010000
00010000
00011000
00000000
00000000
00111000
00100000
00000000
00011000
00001000
00001000
00000000
00000100
00011100
00000000
00000000
00001000
00001000
00001100
00000000
00000000
00011100
00010000
00000000
00001100
00000100
00000100
00000000
00000010
00001110
00000000
00000000
00000100
00000100
00000110
00000000
00000000
00001110
00001000
00000000
00000110
00000010
00000010
00000000
00000001
00000111
00000000
00000000
00000010
00000010
00000011
00000000
00000000
00000111
00000100
00000000
00000011
00000001
00000001
00000000
10000000
10000011
00000000
00000000
00000001
00000001
10000001
00000000
00000000
10000011
00000010
00000000
10000001
10000000
10000000
00000000
01000000
11000001
00000000
00000000
10000000
10000000
11000000
00000000
00000000
11000001
00000001
00000000
11000000
01000000
01000000
00000000
11000000
01100000
00000000
00000000
00100000
01100000
01000000
00000000
00000000
11000000
01100000
00000000
01000000
11000000
10000000
00000000
01100000
00110000
00000000
00000000
00010000
00110000
00100000
00000000
00000000
01100000
00110000
00000000
00100000
01100000
01000000
00000000
00110000
00011000
00000000
00000000
00001000
00011000
00010000
00000000
00000000
00110000
00011000
00000000
00010000
00110000
00100000
00000000
00011000
00001100
00000000
00000000
00000100
00001100
00001000
00000000
00000000
00011000
00001100
00000000
00001000
00011000
00010000
00000000
00001100
00000110
00000000
00000000
00000010
00000110
00000100
00000000
00000000
00001100
00000110
00000000
00000100
00001100
00001000
00000000
00000110
00000011
00000000
00000000
00000001
00000011
00000010
00000000
00000000
00000110
00000011
00000000
00000010
00000110
00000100
00000000
00000011
10000001
00000000
00000000
10000000
10000001
00000001
00000000
00000000
00000011
10000001
00000000
00000001
00000011
00000010
00000000
10000001
11000000
00000000
00000000
01000000
11000000
10000000
00000000
00000000
10000001
11000000
00000000
10000000
10000001
00000001
00000000
01100000
11000000
00000000
00000000
01000000
01100000
00100000
00000000
00000000
01100000
11000000
00000000
10000000
11000000
01000000
00000000
00110000
01100000
00000000
00000000
00100000
00110000
00010000
00000000
00000000
00110000
01100000
00000000
01000000
01100000
00100000
00000000
00011000
00110000
00000000
00000000
00010000
00011000
00001000
00000000
00000000
00011000
00110000
00000000
00100000
00110000
00010000
00000000
00001100
00011000
00000000
00000000
00001000
00001100
00000100
00000000
00000000
00001100
00011000
00000000
00010000
00011000
00001000
00000000
00000110
00001100
00000000
00000000
00000100
00000110
00000010
00000000
00000000
00000110
00001100
00000000
00001000
00001100
00000100
00000000
00000011
00000110
00000000
00000000
00000010
00000011
00000001
00000000
00000000
00000011
00000110
00000000
00000100
00000110
00000010
00000000
10000001
00000011
00000000
00000000
00000001
10000001
10000000
00000000
00000000
10000001
00000011
00000000
00000010
00000011
00000001
00000000
11000000
10000001
00000000
00000000
10000000
11000000
01000000
00000000
00000000
11000000
10000001
00000000
00000001
10000001
10000000
00000000
01000000
11100000
00000000
00000000
01000000
01100000
01000000
00000000
00000000
11100000
01000000
00000000
01000000
11000000
01000000
00000000
00100000
01110000
00000000
00000000
00100000
00110000
00100000
00000000
00000000
01110000
00100000
00000000
00100000
01100000
00100000
00000000
00010000
00111000
00000000
00000000
00010000
00011000
00010000
00000000
00000000
00111000
00010000
00000000
00010000
00110000
00010000
00000000
00001000
00011100
00000000
00000000
00001000
00001100
00001000
00000000
00000000
00011100
00001000
00000000
00001000
00011000
00001000
00000000
00000100
00001110
00000000
00000000
00000100
00000110
00000100
00000000
00000000
00001110
00000100
00000000
00000100
00001100
00000100
00000000
00000010
00000111
00000000
00000000
00000010
00000011
00000010
00000000
00000000
00000111
00000010
00000000
00000010
00000110
00000010
00000000
00000001
10000011
00000000
00000000
00000001
10000001
00000001
00000000
00000000
10000011
00000001
00000000
00000001
00000011
00000001
00000000
10000000
11000001
00000000
00000000
10000000
11000000
10000000
00000000
00000000
11000001
10000000
00000000
10000000
10000001
10000000
00000000
11000000
11000000
00000000
00000000
11000000
11000000
00000000
00000000
11000000
11000000
00000000
00000000
11000000
11000000
00000000
00000000
01100000
01100000
00000000
00000000
01100000
01100000
00000000
00000000
01100000
01100000
00000000
00000000
01100000
01100000
00000000
00000000
00110000
00110000
00000000
00000000
00110000
00110000
00000000
00000000
00110000
00110000
00000000
00000000
00110000
00110000
00000000
00000000
00011000
00011000
00000000
00000000
00011000
00011000
00000000
00000000
00011000
00011000
00000000
00000000
00011000
00011000
00000000
00000000
00001100
00001100
00000000
00000000
00001100
00001100
00000000
00000000
00001100
00001100
00000000
00000000
00001100
00001100
00000000
00000000
00000110
00000110
00000000
00000000
00000110
00000110
00000000
00000000
00000110
00000110
00000000
00000000
00000110
00000110
00000000
00000000
00000011
00000011
00000000
00000000
00000011
00000011
00000000
00000000
00000011
00000011
00000000
00000000
00000011
00000011
00000000
00000000
10000001
10000001
00000000
00000000
10000001
10000001
00000000
00000000
10000001
10000001
00000000
00000000
10000001
10000001
00000000
00000000
11110000
00000000
00000000
00000000
10000000
10000000
10000000
10000000
11110000
00000000
00000000
00000000
01000000
01000000
01000000
01000000
01111000
00000000
00000000
00000000
01000000
01000000
01000000
01000000
01111000
00000000
00000000
00000000
00100000
00100000
00100000
00100000
00111100
00000000
00000000
00000000
00100000
00100000
00100000
00100000
00111100
00000000
00000000
00000000
00010000
00010000
00010000
00010000
00011110
00000000
00000000
00000000
00010000
00010000
00010000
00010000
00011110
00000000
00000000
00000000
00001000
00001000
00001000
00001000
00001111
00000000
00000000
00000000
00001000
00001000
00001000
00001000
00001111
00000000
00000000
00000000
00000100
00000100
00000100
00000100
10000111
00000000
00000000
00000000
00000100
00000100
00000100
00000100
10000111
00000000
00000000
00000000
00000010
00000010
00000010
00000010
11000011
00000000
00000000
00000000
00000010
00000010
00000010
00000010
11000011
00000000
00000000
00000000
00000001
00000001
00000001
00000001
11100001
00000000
00000000
00000000
00000001
00000001
00000001
00000001
11100001
00000000
00000000
00000000
10000000
10000000
10000000
10000000
